00000000000002222220000000000000
00000000000022111122000000000000
00000000000022111122000000000000
00000000000022111122000000000000
00000000000022111122000000000000
00000000000022111122000000000000
00000000000022111122000000000000
00000000000022111122000000000000
00000000000022111122000000000000
00000000000022111122000000000000
00000000000022111122000000000000
00000000000022111122000000000000
00000000000022111122000000000000
22111122000022111122000022111122
22111122000022111122000022111122
22111122000022111122000022111122
00221111220022111122002211112200
00221111220022111122002211112200
00221111220022111122002211112200
00002211112222111122221111220000
00002211112222111122221111220000
00002211112222111122221111220000
00000022111122111122111122000000
00000022111122111122111122000000
00000022111122111122111122000000
00000000221111111111112200000000
00000000221111111111112200000000
00000000221111111111112200000000
00000000002211111111220000000000
00000000002211111111220000000000
00000000002211111111220000000000
00000000000002222220000000000000